Trajdata(101 frames)
1.0000000000000001e-01
3
2
2 4.0000000000000000e+00 1.8000000000000000e+00
3
2 4.0000000000000000e+00 1.8000000000000000e+00
1
2 4.0000000000000000e+00 1.8000000000000000e+00
303
1
1.0000000000000000e+01 -3.0000000000000000e+00 0.0000000000000000e+00 1 1.0000000000000005e-01 6 2 1.0000000000000005e+01 0.0000000000000000e+00 2.4492935982947064e-16 2.9000000000000000e+01
2
4.0000000000000000e+01 0.0000000000000000e+00 0.0000000000000000e+00 1 4.0000000000000008e-01 6 3 4.0000000000000007e+01 0.0000000000000000e+00 2.4492935982947064e-16 2.2000000000000000e+01
3
7.0000000000000000e+01 -3.0000000000000000e+00 0.0000000000000000e+00 1 6.9999999999999996e-01 6 2 7.0000000000000000e+01 0.0000000000000000e+00 2.4492935982947064e-16 2.7000000000000000e+01
1
1.2855000000000000e+01 -2.9999999999999996e+00 6.2831853071795862e+00 1 1.2855000000000008e-01 6 2 1.2855000000000008e+01 4.4408920985006217e-16 0.0000000000000000e+00 2.8100000000000001e+01
2
4.2155000000000001e+01 4.8496013246235198e-16 6.2831853071795862e+00 1 4.2155000000000009e-01 6 3 4.2155000000000008e+01 4.8496013246235198e-16 0.0000000000000000e+00 2.1100000000000001e+01
3
7.2703288893881009e+01 -2.9783828746052938e+00 2.1308826933021104e-02 1 7.2703288893881013e-01 6 2 7.2703288893881009e+01 2.1617125394706171e-02 2.1308826933021299e-02 2.7091287320034837e+01
1
1.5620000000000003e+01 -2.9999999999999996e+00 6.2831853071795862e+00 1 1.5620000000000009e-01 6 2 1.5620000000000008e+01 4.4408920985006262e-16 0.0000000000000000e+00 2.7200000000000003e+01
2
4.4219999999999999e+01 4.7768573047541674e-16 6.2831853071795862e+00 1 4.4220000000000004e-01 6 3 4.4220000000000006e+01 4.7768573047541674e-16 0.0000000000000000e+00 2.0200000000000003e+01
3
7.5412706595454594e+01 -2.9183792127252830e+00 2.3532084851056605e-02 1 7.5412706595454593e-01 6 2 7.5412706595454594e+01 8.1620787274716999e-02 2.3532084851056536e-02 2.7116723103295456e+01
1
1.8295000000000005e+01 -2.9999999999999996e+00 6.2831853071795862e+00 1 1.8295000000000008e-01 6 2 1.8295000000000009e+01 4.4408920985006262e-16 0.0000000000000000e+00 2.6300000000000004e+01
2
4.6195000000000000e+01 4.7052044451828546e-16 6.2831853071795862e+00 1 4.6195000000000008e-01 6 3 4.6195000000000007e+01 4.7052044451828546e-16 0.0000000000000000e+00 1.9300000000000004e+01
3
7.8128042266882659e+01 -2.8615102200438893e+00 1.6627403984163177e-02 1 7.8128042266882658e-01 6 2 7.8128042266882659e+01 1.3848977995611067e-01 1.6627403984163427e-02 2.7230426444726731e+01
1
2.0880000000000006e+01 -2.9999999999999996e+00 6.2831853071795862e+00 1 2.0880000000000010e-01 6 2 2.0880000000000010e+01 4.4408920985006262e-16 0.0000000000000000e+00 2.5400000000000006e+01
2
4.8079999999999998e+01 4.6346263785051117e-16 6.2831853071795862e+00 1 4.8080000000000012e-01 6 3 4.8080000000000013e+01 4.6346263785050940e-16 0.0000000000000000e+00 1.8400000000000006e+01
3
8.0855618359153681e+01 -2.7971792022003044e+00 3.5150347805747974e-02 1 8.0855618359153680e-01 6 2 8.0855618359153681e+01 2.0282079779969564e-01 3.5150347805747793e-02 2.7372520992588861e+01
1
2.3375000000000007e+01 -2.9999999999999996e+00 6.2831853071795862e+00 1 2.3375000000000010e-01 6 2 2.3375000000000011e+01 4.4408920985006262e-16 0.0000000000000000e+00 2.4500000000000007e+01
2
4.9878000000000007e+01 4.5651069828275174e-16 6.2831853071795862e+00 1 4.9878000000000017e-01 6 3 4.9878000000000014e+01 4.5651069828275174e-16 0.0000000000000000e+00 1.7560000000000006e+01
3
8.3593092726871177e+01 -2.7089326298007865e+00 2.7352919245196679e-02 1 8.3593092726871188e-01 6 2 8.3593092726871191e+01 2.9106737019921347e-01 2.7352919245197140e-02 2.7416541898956680e+01
1
2.5780000000000012e+01 -2.9999999999999996e+00 6.2831853071795862e+00 1 2.5780000000000014e-01 6 2 2.5780000000000015e+01 4.4408920985006262e-16 0.0000000000000000e+00 2.3600000000000009e+01
2
5.1596200000000010e+01 4.4966303780851042e-16 6.2831853071795862e+00 1 5.1596200000000014e-01 6 3 5.1596200000000017e+01 4.4966303780851042e-16 0.0000000000000000e+00 1.6804000000000006e+01
3
8.6330151908074356e+01 -2.6336444700479698e+00 2.7745469163417032e-02 1 8.6330151908074337e-01 6 2 8.6330151908074342e+01 3.6635552995203025e-01 2.7745469163417160e-02 2.7321616190990966e+01
1
2.8095000000000010e+01 -2.9999999999999996e+00 6.2831853071795862e+00 1 2.8095000000000014e-01 6 2 2.8095000000000013e+01 4.4408920985006262e-16 0.0000000000000000e+00 2.2700000000000010e+01
2
5.3242580000000011e+01 4.4291809224138275e-16 6.2831853071795862e+00 1 5.3242580000000017e-01 6 3 5.3242580000000018e+01 4.4291809224138275e-16 0.0000000000000000e+00 1.6123600000000003e+01
3
8.9054460076919980e+01 -2.5570719007667670e+00 2.8691560307951496e-02 1 8.9054460076919983e-01 6 2 8.9054460076919980e+01 4.4292809923323295e-01 2.8691560307951638e-02 2.7140884227383907e+01
1
3.0320000000000011e+01 -2.9999999999999996e+00 6.2831853071795862e+00 1 3.0320000000000014e-01 6 2 3.0320000000000014e+01 4.4408920985006262e-16 0.0000000000000000e+00 2.1800000000000011e+01
2
5.4824322000000009e+01 4.3627432085776199e-16 6.2831853071795862e+00 1 5.4824322000000025e-01 6 3 5.4824322000000024e+01 4.3627432085776026e-16 0.0000000000000000e+00 1.5511240000000003e+01
3
9.1761555107690782e+01 -2.4749791916461499e+00 3.3027787963357418e-02 1 9.1761555107690784e-01 6 2 9.1761555107690782e+01 5.2502080835385012e-01 3.3027787963357612e-02 2.6987632033512256e+01
1
3.2455000000000005e+01 -2.9999999999999996e+00 6.2831853071795862e+00 1 3.2455000000000012e-01 6 2 3.2455000000000013e+01 4.4408920985006262e-16 0.0000000000000000e+00 2.0900000000000013e+01
2
5.6347889800000019e+01 4.2973020604489384e-16 6.2831853071795862e+00 1 5.6347889800000028e-01 6 3 5.6347889800000026e+01 4.2973020604489384e-16 0.0000000000000000e+00 1.4960116000000003e+01
3
9.4459177826984074e+01 -2.3697778638316529e+00 4.8892068260936394e-02 1 9.4459177826984064e-01 6 2 9.4459177826984060e+01 6.3022213616834710e-01 4.8892068260937081e-02 2.7012607691911285e+01
1
3.4500000000000007e+01 -2.9999999999999996e+00 6.2831853071795862e+00 1 3.4500000000000014e-01 6 2 3.4500000000000014e+01 4.4408920985006262e-16 0.0000000000000000e+00 2.0000000000000014e+01
2
5.7819100820000017e+01 4.2328425295422046e-16 6.2831853071795862e+00 1 5.7819100820000024e-01 6 3 5.7819100820000024e+01 4.2328425295422046e-16 0.0000000000000000e+00 1.4464104400000002e+01
3
9.7156796324693786e+01 -2.2394566888125218e+00 4.7238872788005232e-02 1 9.7156796324693784e-01 6 2 9.7156796324693786e+01 7.6054331118747820e-01 4.7238872788005780e-02 2.6999382934739018e+01
1
3.6455000000000005e+01 -2.9999999999999996e+00 6.2831853071795862e+00 1 3.6455000000000015e-01 6 2 3.6455000000000013e+01 4.4408920985006262e-16 0.0000000000000000e+00 1.9100000000000016e+01
2
5.9243190738000024e+01 4.1693498915990716e-16 6.2831853071795862e+00 1 5.9243190738000029e-01 6 3 5.9243190738000031e+01 4.1693498915990716e-16 0.0000000000000000e+00 1.4017693960000003e+01
3
9.9849817319865224e+01 -2.1179995645544345e+00 4.1450643695243650e-02 1 9.9849817319865219e-01 6 2 9.9849817319865224e+01 8.8200043544556550e-01 4.1450643695244226e-02 2.6888015970712260e+01
1
3.8320000000000007e+01 -2.9999999999999996e+00 6.2831853071795862e+00 1 3.8320000000000015e-01 6 2 3.8320000000000014e+01 4.4408920985006262e-16 0.0000000000000000e+00 1.8200000000000017e+01
2
6.0624871664200022e+01 4.1068096432250853e-16 6.2831853071795862e+00 1 6.0624871664200031e-01 6 3 6.0624871664200029e+01 4.1068096432250853e-16 0.0000000000000000e+00 1.3615924564000002e+01
3
1.0253196503307807e+02 -2.0182964017959359e+00 2.9986299418502425e-02 2 4.2987752023522829e-01 1 2 2.6203874159774405e+00 8.4862761997338099e-01 -6.3598965437834387e-02 2.6760346188631317e+01
1
4.0095000000000006e+01 -2.9999999999999996e+00 6.2831853071795862e+00 1 4.0095000000000014e-01 6 2 4.0095000000000013e+01 4.4408920985006262e-16 0.0000000000000000e+00 1.7300000000000018e+01
2
6.1968384497780022e+01 4.0452074985767088e-16 6.2831853071795862e+00 1 6.1968384497780027e-01 6 3 6.1968384497780029e+01 4.0452074985767088e-16 0.0000000000000000e+00 1.3254332107600002e+01
3
1.0519907310896731e+02 -1.9354638010133485e+00 3.2819620787719113e-02 3 9.0494372583788907e-01 1 2 5.3235874231073765e+00 5.6220970224482003e-01 -1.5730850146611530e-01 2.6556619610162187e+01
1
4.1780000000000008e+01 -2.9999999999999996e+00 6.2831853071795862e+00 1 4.1780000000000017e-01 6 2 4.1780000000000015e+01 4.4408920985006262e-16 0.0000000000000000e+00 1.6400000000000020e+01
2
6.3277546048002023e+01 3.9845293860980582e-16 6.2831853071795862e+00 1 6.3277546048002031e-01 6 3 6.3277546048002030e+01 3.9845293860980582e-16 0.0000000000000000e+00 1.2928898896840002e+01
3
1.0785146309677145e+02 -1.8572892487131647e+00 2.3869261003233604e-02 5 3.4561335395409548e-01 1 2 7.9637524097389347e+00 5.0253712333859762e-03 -2.6055046791601377e-01 2.6500302527150069e+01
1
4.3382602417408840e+01 -2.9999999999999996e+00 6.2831853071795862e+00 1 4.3382602417408850e-01 6 2 4.3382602417408847e+01 4.4408920985006262e-16 0.0000000000000000e+00 1.5652048348176638e+01
2
6.4555791443201826e+01 3.9247614453065875e-16 6.2831853071795862e+00 1 6.4555791443201826e-01 6 3 6.4555791443201826e+01 3.9247614453065875e-16 0.0000000000000000e+00 1.2636009007156002e+01
3
1.1050727298352986e+02 -1.7915710041615323e+00 2.6188134237776294e-02 6 7.1639124362804196e-01 1 2 1.0475834096015678e+01 -7.9048976607636590e-01 -3.4794879776278353e-01 2.6676120378765248e+01
1
4.4919220432314440e+01 -2.9999999999999996e+00 6.2831853071795862e+00 1 4.4919220432314444e-01 6 2 4.4919220432314447e+01 4.4408920985006262e-16 0.0000000000000000e+00 1.5080311949935350e+01
2
6.5806212298881647e+01 3.8658900236269888e-16 6.2831853071795862e+00 1 6.5806212298881650e-01 6 3 6.5806212298881647e+01 3.8658900236269888e-16 0.0000000000000000e+00 1.2372408106440401e+01
3
1.1317482588476044e+02 -1.7112222543756930e+00 3.6648357094940964e-02 8 2.0638869201080594e-02 1 1 1.4244491923847105e+01 1.2150391304714843e+00 -4.2285138238399789e-01 2.6707109143441841e+01
1
4.6411850067558298e+01 -2.9999999999999996e+00 6.2831853071795862e+00 1 4.6411850067558302e-01 6 2 4.6411850067558305e+01 4.4408920985006262e-16 0.0000000000000000e+00 1.4772280754941814e+01
2
6.7031591068993478e+01 3.8079016732725838e-16 6.2831853071795862e+00 1 6.7031591068993479e-01 6 3 6.7031591068993478e+01 3.8079016732725838e-16 0.0000000000000000e+00 1.2135167295796361e+01
3
1.1585142543310215e+02 -1.6144633896647433e+00 3.5279405867562480e-02 9 2.0759028305166721e-01 1 1 1.6652751363421096e+01 1.1711537784455243e-02 -5.0190612198473072e-01 2.6910767057082779e+01
1
4.7875216739277768e+01 -2.9999999999999996e+00 6.2831853071795862e+00 1 4.7875216739277776e-01 6 2 4.7875216739277775e+01 4.4408920985006262e-16 0.0000000000000000e+00 1.4495052679447634e+01
2
6.8234431962094135e+01 3.7507831481734949e-16 6.2831853071795862e+00 1 6.8234431962094133e-01 6 3 6.8234431962094135e+01 3.7507831481734949e-16 0.0000000000000000e+00 1.1921650566216725e+01
3
1.1853825004952472e+02 -1.5224441161314508e+00 3.2492663545816453e-02 10 3.1268843921840439e-01 1 1 1.8894935024174856e+01 -1.3732925416864552e+00 -5.7702136949208160e-01 2.6839407536577184e+01
1
4.9312246743825291e+01 -2.9999999999999996e+00 6.2831853071795862e+00 1 4.9312246743825300e-01 6 2 4.9312246743825298e+01 4.4408920985006262e-16 0.0000000000000000e+00 1.4245547411502869e+01
2
6.9416988765884724e+01 3.6945214009508927e-16 6.2831853071795862e+00 1 6.9416988765884724e-01 6 3 6.9416988765884724e+01 3.6945214009508927e-16 0.0000000000000000e+00 1.1729485509595053e+01
3
1.2122054312758046e+02 -1.4335612337897130e+00 3.4178371428495558e-02 11 3.1978946127874863e-01 1 1 2.0938287864636401e+01 -2.9119844241834398e+00 -6.4125026936622653e-01 2.6834737401331012e+01
1
5.0725573747918070e+01 -2.9999999999999996e+00 6.2831853071795862e+00 1 5.0725573747918073e-01 6 2 5.0725573747918077e+01 4.4408920985006262e-16 0.0000000000000000e+00 1.4020992670352582e+01
2
7.0581289889296258e+01 3.6391035799366291e-16 6.2831853071795862e+00 1 7.0581289889296261e-01 6 3 7.0581289889296258e+01 3.6391035799366291e-16 0.0000000000000000e+00 1.1556536958635547e+01
3
1.2390386486833496e+02 -1.3414757028200770e+00 3.4514014794153586e-02 12 2.2381814740739858e-01 1 1 2.2772512578141860e+01 -4.5820438586832637e+00 -7.0008316514590607e-01 2.6872807562091580e+01
1
5.2117568051601566e+01 -2.9999999999999996e+00 6.2831853071795862e+00 1 5.2117568051601570e-01 6 2 5.2117568051601573e+01 4.4408920985006262e-16 0.0000000000000000e+00 1.3818893403317324e+01
2
7.1729160900366637e+01 3.5845170262375795e-16 6.2831853071795862e+00 1 7.1729160900366618e-01 6 3 7.1729160900366622e+01 3.5845170262376145e-16 0.0000000000000000e+00 1.1400883262771993e+01
3
1.2658957776479335e+02 -1.2765403066083119e+00 6.9349675393996744e-03 13 6.1222617512378405e-03 1 1 2.4359764799253654e+01 -6.3824801478167856e+00 -7.7886389695265379e-01 2.6854056970966042e+01
1
5.3490362924916703e+01 -2.9999999999999996e+00 6.2831853071795862e+00 1 5.3490362924916712e-01 6 2 5.3490362924916710e+01 4.4408920985006262e-16 0.0000000000000000e+00 1.3637004062985591e+01
2
7.2862244810329955e+01 3.5307492708440504e-16 6.2831853071795862e+00 1 7.2862244810329957e-01 6 3 7.2862244810329955e+01 3.5307492708440504e-16 0.0000000000000000e+00 1.1260794936494793e+01
3
1.2927099242757700e+02 -1.2595328771820673e+00 5.3540917196746238e-03 13 9.1582495124081287e-01 1 1 2.6205501754957634e+01 -8.3281728002100728e+00 -8.3998467456928072e-01 2.6749074664197039e+01
1
5.4845878310900332e+01 -2.9999999999999996e+00 6.2831853071795862e+00 1 5.4845878310900342e-01 6 2 5.4845878310900339e+01 4.4408920985006262e-16 0.0000000000000000e+00 1.3473303656687031e+01
2
7.3982020329296958e+01 3.4777880317813897e-16 6.2831853071795862e+00 1 7.3982020329296960e-01 6 3 7.3982020329296958e+01 3.4777880317813897e-16 0.0000000000000000e+00 1.1134715442845314e+01
3
1.3194086097552628e+02 -1.2487700390769623e+00 1.8227003823787639e-03 14 4.8644081459188437e-01 1 1 2.7363250103584534e+01 -1.0359256562789632e+01 -8.8086278683002561e-01 2.6615316684170836e+01
1
5.6185842158285610e+01 -2.9999999999999996e+00 6.2831853071795862e+00 1 5.6185842158285615e-01 6 2 5.6185842158285617e+01 4.4408920985006262e-16 0.0000000000000000e+00 1.3325973291018329e+01
2
7.5089818296367270e+01 3.4256212113046687e-16 6.2831853071795862e+00 1 7.5089818296367250e-01 6 3 7.5089818296367255e+01 3.4256212113047037e-16 0.0000000000000000e+00 1.1021243898560783e+01
3
1.3460467638506242e+02 -1.2267350108853874e+00 1.9011653179721890e-02 15 0.0000000000000000e+00 1 1 2.8405233576207713e+01 -1.2419560283246120e+01 -8.9728620411730109e-01 2.6679466596165042e+01
1
5.7511809620932354e+01 -2.9999999999999996e+00 6.2831853071795862e+00 1 5.7511809620932364e-01 6 2 5.7511809620932361e+01 4.4408920985006262e-16 0.0000000000000000e+00 1.3193375961916496e+01
2
7.6186836466730526e+01 3.3742368931351332e-16 6.2831853071795862e+00 1 7.6186836466730523e-01 6 3 7.6186836466730526e+01 3.3742368931351332e-16 0.0000000000000000e+00 1.0919119508704705e+01
3
1.3727968986953937e+02 -1.1615521577294525e+00 3.3257206228501549e-02 15 7.2146342056879020e-01 1 1 2.9869043360346733e+01 -1.4556261496282882e+01 -9.3026032152461813e-01 2.6889655493948581e+01
1
5.8825180337314421e+01 -2.9999999999999996e+00 6.2831853071795862e+00 1 5.8825180337314431e-01 6 2 5.8825180337314428e+01 4.4408920985006262e-16 0.0000000000000000e+00 1.3074038365724846e+01
2
7.7274152820057466e+01 3.3236233397381060e-16 6.2831853071795862e+00 1 7.7274152820057485e-01 6 3 7.7274152820057481e+01 3.3236233397380710e-16 0.0000000000000000e+00 1.0827207557834235e+01
3
1.3996755105916657e+02 -1.0837188550912282e+00 2.1769401814112660e-02 16 0.0000000000000000e+00 1 1 3.0434178831651121e+01 -1.6723141946188228e+01 -9.5997830243269711e-01 2.6890620524419248e+01
1
6.0127213982058286e+01 -2.9999999999999996e+00 6.2831853071795862e+00 1 6.0127213982058292e-01 6 2 6.0127213982058294e+01 4.4408920985006262e-16 0.0000000000000000e+00 1.2966634529152362e+01
2
7.8352737538051727e+01 3.2737689896420002e-16 6.2831853071795862e+00 1 7.8352737538051709e-01 6 3 7.8352737538051713e+01 3.2737689896420352e-16 0.0000000000000000e+00 1.0744486802050812e+01
3
1.4265768777584950e+02 -1.0202093838189070e+00 2.6659511212604500e-02 16 7.1183993773093457e-01 1 1 3.1878463095945431e+01 -1.8980210870540962e+01 -1.0016780080114414e+00 2.6939333797310923e+01
1
6.1419044262327766e+01 -2.9999999999999996e+00 6.2831853071795862e+00 1 6.1419044262327771e-01 6 2 6.1419044262327773e+01 4.4408920985006262e-16 0.0000000000000000e+00 1.2869971076237126e+01
2
7.9423463784246536e+01 3.2246624547974046e-16 6.2831853071795862e+00 1 7.9423463784246517e-01 6 3 7.9423463784246522e+01 3.2246624547974396e-16 0.0000000000000000e+00 1.0670038121845730e+01
3
1.4535475509342425e+02 -9.5435040733263821e-01 2.0676031180546145e-02 17 0.0000000000000000e+00 1 1 3.2463124087094528e+01 -2.1255545296993379e+01 -1.0265215200160513e+00 2.7044445464841289e+01
1
6.2701691514570292e+01 -2.9999999999999996e+00 6.2831853071795862e+00 1 6.2701691514570301e-01 6 2 6.2701691514570300e+01 4.4408920985006262e-16 0.0000000000000000e+00 1.2782973968613414e+01
2
8.0487117405821863e+01 3.1762925179754780e-16 6.2831853071795862e+00 1 8.0487117405821862e-01 6 3 8.0487117405821863e+01 3.1762925179754780e-16 0.0000000000000000e+00 1.0603034309661156e+01
3
1.4806043025477993e+02 -8.9168244954522691e-01 2.7290700131730711e-02 17 4.1181267044461850e-01 1 1 3.3298669450924621e+01 -2.3606974591869541e+01 -1.0468599273174499e+00 2.7096735877636888e+01
1
6.3976074041588561e+01 -2.9999999999999996e+00 6.2831853071795862e+00 1 6.3976074041588571e-01 6 2 6.3976074041588568e+01 4.4408920985006262e-16 0.0000000000000000e+00 1.2704676571752072e+01
2
8.1544405665239680e+01 3.1286481302058459e-16 6.2831853071795862e+00 1 8.1544405665239683e-01 6 3 8.1544405665239680e+01 3.1286481302058459e-16 0.0000000000000000e+00 1.0542730878695041e+01
3
1.5076223163328456e+02 -8.3938264125437545e-01 6.0968578155886216e-03 18 0.0000000000000000e+00 1 1 3.4492069342537938e+01 -2.5955728555729273e+01 -1.1065505403307965e+00 2.6901571939603585e+01
1
6.5243018315905019e+01 -2.9999999999999996e+00 6.2831853071795862e+00 1 6.5243018315905021e-01 6 2 6.5243018315905019e+01 4.4408920985006262e-16 0.0000000000000000e+00 1.2634208914576865e+01
2
8.2595965098715709e+01 3.0817184082527581e-16 6.2831853071795862e+00 1 8.2595965098715718e-01 6 3 8.2595965098715723e+01 3.0817184082527231e-16 0.0000000000000000e+00 1.0488457790825537e+01
3
1.5344810165337978e+02 -8.1948017203899914e-01 9.6014330818752578e-03 18 0.0000000000000000e+00 1 1 3.4492069342537938e+01 -2.8355809527011143e+01 -1.1030459650645099e+00 2.6789248020587337e+01
1
6.6503268162789823e+01 -2.9999999999999996e+00 6.2831853071795862e+00 1 6.6503268162789841e-01 6 2 6.6503268162789837e+01 4.4408920985005912e-16 0.0000000000000000e+00 1.2570788023119178e+01
2
8.3642368588844150e+01 3.0354926321289321e-16 6.2831853071795862e+00 1 8.3642368588844151e-01 6 3 8.3642368588844150e+01 3.0354926321289321e-16 0.0000000000000000e+00 1.0439612011742984e+01
3
1.5612531872409272e+02 -8.0326328454718010e-01 1.4715819396554208e-04 18 3.3242219778505677e-01 1 1 3.5166535783537995e+01 -3.0786456592983566e+01 -1.1342572219201630e+00 2.6745267535758998e+01
1
6.7757493024986161e+01 -2.9999999999999996e+00 6.2831853071795862e+00 1 6.7757493024986160e-01 6 2 6.7757493024986161e+01 4.4408920985006262e-16 0.0000000000000000e+00 1.2513709220807261e+01
2
8.4684131729959731e+01 2.9899602426469979e-16 6.2831853071795862e+00 1 8.4684131729959733e-01 6 3 8.4684131729959731e+01 2.9899602426469979e-16 0.0000000000000000e+00 1.0395650810568686e+01
3
1.5879444946710993e+02 -7.9790482033550247e-01 5.1138165345407591e-03 18 8.7785207603601911e-01 1 1 3.6273183147192363e+01 -3.3207154405275205e+01 -1.1649888656329548e+00 2.6601585938595406e+01
1
6.9006295400962856e+01 -2.9999999999999996e+00 6.2831853071795862e+00 1 6.9006295400962858e-01 6 2 6.9006295400962856e+01 4.4408920985006262e-16 0.0000000000000000e+00 1.2462338298726534e+01
2
8.5721718556963751e+01 2.9451108390072931e-16 6.2831853071795862e+00 1 8.5721718556963755e-01 6 3 8.5721718556963751e+01 2.9451108390072931e-16 0.0000000000000000e+00 1.0356085729511816e+01
3
1.6145619132460959e+02 -7.7456102583376629e-01 1.4859909695358824e-02 19 0.0000000000000000e+00 1 1 3.6521014597981342e+01 -3.5641614791974028e+01 -1.1632373354008134e+00 2.6646799329202565e+01
1
7.0250217539341875e+01 -2.9999999999999996e+00 6.2831853071795862e+00 1 7.0250217539341875e-01 6 2 7.0250217539341875e+01 4.4408920985006262e-16 0.0000000000000000e+00 1.2416104468853881e+01
2
8.6755546701267377e+01 2.9009341764221838e-16 6.2831853071795862e+00 1 8.6755546701267372e-01 6 3 8.6755546701267377e+01 2.9009341764221838e-16 0.0000000000000000e+00 1.0320477156560635e+01
3
1.6411950056364401e+02 -7.3784122127061935e-01 1.1996581940594261e-02 19 0.0000000000000000e+00 1 1 3.6521014597981342e+01 -3.8088139625820133e+01 -1.1661006631555777e+00 2.6617020137999262e+01
1
7.1489747463882992e+01 -2.9999999999999996e+00 6.2831853071795862e+00 1 7.1489747463882991e-01 6 2 7.1489747463882992e+01 4.4408920985006262e-16 0.0000000000000000e+00 1.2374494021968493e+01
2
8.7785992031140637e+01 2.8574201637758510e-16 6.2831853071795862e+00 1 8.7785992031140636e-01 6 3 8.7785992031140637e+01 2.8574201637758510e-16 0.0000000000000000e+00 1.0288429440904572e+01
3
1.6678098749680498e+02 -7.0946724011949636e-01 8.4337753335319218e-03 19 2.3477216262196207e-01 1 1 3.6997354463443358e+01 -4.0567367814081251e+01 -1.1850292718743178e+00 2.6615352981411974e+01
1
7.2725324395970006e+01 -2.9999999999999996e+00 6.2831853071795862e+00 1 7.2725324395970004e-01 6 2 7.2725324395970006e+01 4.4408920985006262e-16 0.0000000000000000e+00 1.2337044619771644e+01
2
8.8813392828026565e+01 2.8145588613192132e-16 6.2831853071795862e+00 1 8.8813392828026561e-01 6 3 8.8813392828026565e+01 2.8145588613192132e-16 0.0000000000000000e+00 1.0259586496814116e+01
3
1.6944598930033308e+02 -6.8639754230404582e-01 9.0268000919529745e-03 19 7.0817552646316728e-01 1 1 3.7957863972419922e+01 -4.3055548757442580e+01 -1.2154204248248188e+00 2.6710456768675201e+01
1
7.3957343634848314e+01 -2.9999999999999996e+00 6.2831853071795862e+00 1 7.3957343634848316e-01 6 2 7.3957343634848314e+01 4.4408920985006262e-16 0.0000000000000000e+00 1.2303340157794480e+01
2
8.9838053545223900e+01 2.7723404783994248e-16 6.2831853071795862e+00 1 8.9838053545223895e-01 6 3 8.9838053545223900e+01 2.7723404783994248e-16 0.0000000000000000e+00 1.0233627847132704e+01
3
1.7210966544059602e+02 -6.7478051813874496e-01 -3.4337181809138708e-03 20 0.0000000000000000e+00 1 1 3.8549959853424753e+01 -4.5535702555038867e+01 -1.2469808102268729e+00 2.6515042134004375e+01
1
7.5186160949838793e+01 -2.9999999999999996e+00 6.2831853071795862e+00 1 7.5186160949838798e-01 6 2 7.5186160949838793e+01 4.4408920985006262e-16 0.0000000000000000e+00 1.2273006142015031e+01
2
9.0860248190701512e+01 2.7307553712234335e-16 6.2831853071795862e+00 1 9.0860248190701509e-01 6 3 9.0860248190701512e+01 2.7307553712234335e-16 0.0000000000000000e+00 1.0210265062419433e+01
3
1.7476769977372300e+02 -7.0015625109876112e-01 -1.9711785304858776e-02 20 0.0000000000000000e+00 1 1 3.8549959853424753e+01 -4.8060832112343576e+01 -1.2632588773508182e+00 2.6693142378473084e+01
1
7.6412096533330228e+01 -2.9999999999999996e+00 6.2831853071795862e+00 1 7.6412096533330232e-01 6 2 7.6412096533330228e+01 4.4408920985006262e-16 0.0000000000000000e+00 1.2245705527813529e+01
2
9.1880223371631359e+01 2.6897940406550822e-16 6.2831853071795862e+00 1 9.1880223371631364e-01 6 3 9.1880223371631359e+01 2.6897940406550822e-16 0.0000000000000000e+00 1.0189238556177489e+01
3
1.7744369660589422e+02 -7.5022849854202633e-01 -1.7042829189593229e-02 20 0.0000000000000000e+00 1 1 3.8549959853424753e+01 -5.0610909335604660e+01 -1.2605899212355522e+00 2.6883856101257052e+01
1
7.7635438558472515e+01 -2.9999999999999996e+00 6.2831853071795862e+00 1 7.7635438558472514e-01 6 2 7.7635438558472515e+01 4.4408920985006262e-16 0.0000000000000000e+00 1.2221134975032175e+01
2
9.2898201034468215e+01 2.6494471300452557e-16 6.2831853071795862e+00 1 9.2898201034468220e-01 6 3 9.2898201034468215e+01 2.6494471300452557e-16 0.0000000000000000e+00 1.0170314700559741e+01
3
1.8012925918953175e+02 -7.9559167412985621e-01 -1.6634790709154943e-02 20 0.0000000000000000e+00 1 1 3.8549959853424753e+01 -5.3168530975601165e+01 -1.2601818827551146e+00 2.6818791825403522e+01
1
7.8856446381100568e+01 -2.9999999999999996e+00 6.2831853071795862e+00 1 7.8856446381100564e-01 6 2 7.8856446381100568e+01 4.4408920985006262e-16 0.0000000000000000e+00 1.2199021477528957e+01
2
9.3914380931021384e+01 2.6097054230945768e-16 6.2831853071795862e+00 1 9.3914380931021380e-01 6 3 9.3914380931021384e+01 2.6097054230945768e-16 0.0000000000000000e+00 1.0153283230503767e+01
3
1.8281530150751794e+02 -8.3388403621521390e-01 -1.0294737525228106e-02 20 1.6406474484539565e-01 1 1 3.8882838239064348e+01 -5.5751602352886515e+01 -1.2645798420111749e+00 2.6937199519157460e+01
1
8.0075353421465820e+01 -2.9999999999999996e+00 6.2831853071795862e+00 1 8.0075353421465822e-01 6 2 8.0075353421465820e+01 4.4408920985006262e-16 0.0000000000000000e+00 1.2179119329776061e+01
2
9.4928942837919237e+01 2.5705598417481581e-16 6.2831853071795862e+00 1 9.4928942837919239e-01 6 3 9.4928942837919237e+01 2.5705598417481581e-16 0.0000000000000000e+00 1.0137954907453391e+01
3
1.8550620611845466e+02 -8.5666658949103280e-01 -5.4161714323873213e-03 20 5.3837862887873789e-01 1 1 3.9642300618120395e+01 -5.8346545424448827e+01 -1.2842000623394965e+00 2.6864762276736556e+01
1
8.1292369757794546e+01 -2.9999999999999996e+00 6.2831853071795862e+00 1 8.1292369757794547e-01 6 2 8.1292369757794546e+01 4.4408920985006262e-16 0.0000000000000000e+00 1.2161207396798455e+01
2
9.5942048554127311e+01 2.5320014441219358e-16 6.2831853071795862e+00 1 9.5942048554127302e-01 6 3 9.5942048554127297e+01 2.5320014441219709e-16 0.0000000000000000e+00 1.0124159416708052e+01
3
1.8819629241401580e+02 -8.5801855709737818e-01 7.6769438310988168e-03 20 9.2268483074296492e-01 1 1 4.0422036863030300e+01 -6.0898062942003257e+01 -1.2962597291698783e+00 2.6961520190789685e+01
1
8.2507684460490395e+01 -2.9999999999999996e+00 6.2831853071795862e+00 1 8.2507684460490405e-01 6 2 8.2507684460490410e+01 4.4408920985005912e-16 0.0000000000000000e+00 1.2145086657118609e+01
2
9.6953843698714564e+01 2.4940214224601413e-16 6.2831853071795862e+00 1 9.6953843698714559e-01 6 3 9.6953843698714564e+01 2.4940214224601413e-16 0.0000000000000000e+00 1.0111743475037247e+01
3
1.9089171377980691e+02 -8.2685833517736751e-01 1.8032676653807467e-02 21 0.0000000000000000e+00 1 1 4.0578905108868163e+01 -6.3479136547898150e+01 -1.2909642623419391e+00 2.6947140074360419e+01
1
8.3721467692916676e+01 -2.9999999999999996e+00 6.2831853071795862e+00 1 8.3721467692916662e-01 6 2 8.3721467692916661e+01 4.4408920985006607e-16 0.0000000000000000e+00 1.2130577991406749e+01
2
9.7964459328843105e+01 2.4566111011232391e-16 6.2831853071795862e+00 1 9.7964459328843101e-01 6 3 9.7964459328843105e+01 2.4566111011232391e-16 0.0000000000000000e+00 1.0100569127533523e+01
3
1.9358280740963252e+02 -7.7905432962059229e-01 1.7310170949093834e-02 21 0.0000000000000000e+00 1 1 4.0578905108868163e+01 -6.6066160798838439e+01 -1.2916867680466533e+00 2.6861919642198387e+01
1
8.4933872602100308e+01 -2.9999999999999996e+00 6.2831853071795862e+00 1 8.4933872602100313e-01 6 2 8.4933872602100308e+01 4.4408920985006262e-16 0.0000000000000000e+00 1.2117520192266074e+01
2
9.8974013395958792e+01 2.4197619346063905e-16 6.2831853071795862e+00 1 9.8974013395958793e-01 6 3 9.8974013395958792e+01 2.4197619346063905e-16 0.0000000000000000e+00 1.0090512214780171e+01
3
1.9626320071427565e+02 -7.2720634717320332e-01 2.2731693243662896e-02 21 0.0000000000000000e+00 1 1 4.0578905108868163e+01 -6.8641802671098020e+01 -1.2862652457520838e+00 2.6720741784990636e+01
1
8.6145037020365592e+01 -2.9999999999999996e+00 6.2831853071795862e+00 1 8.6145037020365611e-01 6 2 8.6145037020365606e+01 4.4408920985005912e-16 0.0000000000000000e+00 1.2105768173039467e+01
2
9.9982612056362910e+01 2.3834655055872947e-16 6.2831853071795862e+00 1 9.9982612056362907e-01 6 3 9.9982612056362910e+01 2.3834655055872947e-16 0.0000000000000000e+00 1.0081460993302153e+01
3
1.9893748082155312e+02 -6.5665757172100570e-01 3.2439119207032269e-02 21 0.0000000000000000e+00 1 1 4.0578905108868163e+01 -7.1206699526752715e+01 -1.2765578197887146e+00 2.6804639638520428e+01
1
8.7355084996804351e+01 -2.9999999999999996e+00 6.2831853071795862e+00 1 8.7355084996804355e-01 6 2 8.7355084996804351e+01 4.4408920985006262e-16 0.0000000000000000e+00 1.2095191355735519e+01
2
1.0098964394405608e+02 3.2397588244121797e-02 3.9614034029064590e-02 1 6.0525785582747005e-01 1 3 9.9035085072660933e-01 4.2294045676938217e-16 2.1510571102112408e-16 1.0073314893971938e+01
3
2.0161157012052021e+02 -5.7031679403572877e-01 3.2005567515555999e-02 21 0.0000000000000000e+00 1 1 4.0578905108868163e+01 -7.3767324804794356e+01 -1.2769913714801913e+00 2.6671809602974434e+01
1
8.8564128175599222e+01 -2.9999999999999996e+00 6.2831853071795862e+00 1 8.8564128175599222e-01 6 2 8.8564128175599222e+01 4.4408920985006262e-16 0.0000000000000000e+00 1.2085672220161968e+01
2
1.0199434504150238e+02 8.8911611405215057e-02 7.9892630626157896e-02 2 2.2066947975372694e-01 1 3 1.9973157656539495e+00 1.3833521563638695e-17 0.0000000000000000e+00 1.0065983404574744e+01
3
2.0427679370269581e+02 -4.8472859682157121e-01 3.2262539194005124e-02 21 0.0000000000000000e+00 1 1 4.0578905108868163e+01 -7.6319581240177413e+01 -1.2767343998017422e+00 2.6656250122520305e+01
1
8.9772267036514606e+01 -2.9999999999999996e+00 6.2831853071795862e+00 1 8.9772267036514608e-01 6 2 8.9772267036514606e+01 4.4408920985006262e-16 0.0000000000000000e+00 1.2077104998145771e+01
2
1.0299558927625762e+02 1.8752556118952959e-01 1.2014336756354201e-01 2 8.3565543943464016e-01 1 3 3.0035841890885462e+00 3.8577697922939751e-16 1.5265566588595902e-16 1.0059385064117270e+01
3
2.0693698734272084e+02 -3.9394634187410510e-01 3.7200952869791692e-02 21 2.7929014507564348e-01 1 1 4.1145569523611492e+01 -7.8918195774293423e+01 -1.2900754833757402e+00 2.6552776487241076e+01
1
9.0979592011338454e+01 -2.9999999999999996e+00 6.2831853071795862e+00 1 9.0979592011338450e-01 6 2 9.0979592011338454e+01 4.4408920985006262e-16 0.0000000000000000e+00 1.2069394498331194e+01
2
1.0398991819066518e+02 3.3386758616292012e-01 1.6036903080718756e-01 3 4.5025830129475419e-01 1 3 4.0092257701796905e+00 -1.0959771122070199e-16 0.0000000000000000e+00 1.0053446557705543e+01
3
2.0959505071631642e+02 -2.7483732716120435e-01 5.7389894276421327e-02 21 6.3401094149771775e-01 1 1 4.1865278600519162e+01 -8.1484875901584715e+01 -1.2931029638048415e+00 2.6699320869357692e+01
1
9.2186184488679913e+01 -2.9999999999999996e+00 6.2831853071795862e+00 1 9.2186184488679923e-01 6 2 9.2186184488679928e+01 4.4408920985005912e-16 0.0000000000000000e+00 1.2062455048498075e+01
2
1.0498004670551107e+02 5.0433494281049740e-01 2.0057212772646868e-01 4 6.4516375116140626e-02 1 3 5.0143031931617141e+00 6.5277966579662378e-16 1.3877787807814457e-16 1.0048101901934988e+01
3
2.1225412507095081e+02 -1.1297566824552299e-01 6.6485189349485413e-02 22 0.0000000000000000e+00 1 1 4.2607850364311567e+01 -8.3996492044033005e+01 -1.3079615965960487e+00 2.6541259442602012e+01
1
9.3392117718287238e+01 -2.9999999999999996e+00 6.2831853071795862e+00 1 9.3392117718287249e-01 6 2 9.3392117718287253e+01 4.4408920985005912e-16 0.0000000000000000e+00 1.2056209543648267e+01
2
1.0595819938248219e+02 7.3240815871965115e-01 2.4075491495382159e-01 4 6.7846413970267649e-01 1 3 6.0188728738455346e+00 1.5094831539708478e-15 1.9428902930940239e-16 1.0043291711741489e+01
3
2.1489789892530246e+02 7.3754209810498933e-02 7.7234346218883781e-02 22 0.0000000000000000e+00 1 1 4.2607850364311567e+01 -8.6553037333056039e+01 -1.2972124397266507e+00 2.6441153813932573e+01
1
9.4597457624933838e+01 -2.9999999999999996e+00 6.2831853071795862e+00 1 9.4597457624933834e-01 6 2 9.4597457624933838e+01 4.4408920985006262e-16 0.0000000000000000e+00 1.2050588589283439e+01
2
1.0692781282238926e+02 9.9058591244077765e-01 2.8091942345843918e-01 5 2.9213262597784923e-01 1 3 7.0229855864609778e+00 9.6003299737050631e-16 5.5511151231257827e-17 1.0038962540567340e+01
3
2.1754005258529665e+02 2.7663913911439264e-01 7.5644213622551831e-02 22 0.0000000000000000e+00 1 1 4.2607850364311567e+01 -8.9104841865151741e+01 -1.2988025723229821e+00 2.6596263845162895e+01
1
9.5802263540915760e+01 -2.9999999999999996e+00 6.2831853071795862e+00 1 9.5802263540915755e-01 6 2 9.5802263540915760e+01 4.4408920985006262e-16 0.0000000000000000e+00 1.2045529730355096e+01
2
1.0788812379243308e+02 1.2818930604353207e+00 3.2106748111259498e-01 5 9.0554976177279112e-01 1 3 8.0266870278148748e+00 6.3209376629494958e-16 0.0000000000000000e+00 1.0035066286510606e+01
3
2.2019374716866250e+02 4.6947835074103977e-01 6.7370010999011715e-02 22 0.0000000000000000e+00 1 1 4.2607850364311567e+01 -9.1669925387309178e+01 -1.3070767749465224e+00 2.6624869927879445e+01
1
9.7006588865299491e+01 -2.9999999999999996e+00 6.2831853071795862e+00 1 9.7006588865299492e-01 6 2 9.7006588865299491e+01 4.4408920985006262e-16 0.0000000000000000e+00 1.2040976757319585e+01
2
1.0883023006383880e+02 1.6256788226977927e+00 3.6120073300133532e-01 6 5.1874068213552493e-01 1 3 9.0300183250333799e+00 1.4540173804292596e-15 1.1102230246251565e-16 1.0031559657859546e+01
3
2.2285275241973315e+02 6.5839762631329823e-01 7.6856034083046781e-02 22 0.0000000000000000e+00 1 1 4.2607850364311567e+01 -9.4240982275767720e+01 -1.2975907518624874e+00 2.6711014705128548e+01
1
9.8210481657244856e+01 -2.9999999999999996e+00 6.2831853071795862e+00 1 9.8210481657244852e-01 6 2 9.8210481657244856e+01 4.4408920985006262e-16 0.0000000000000000e+00 1.2036879081587626e+01
2
1.0976337785712070e+02 1.9919504570812745e+00 4.0132065970120151e-01 7 1.3172800860927608e-01 1 3 1.0033016492530038e+01 6.1320675324847512e-16 0.0000000000000000e+00 1.0028403692073592e+01
3
2.2550755735916871e+02 8.6132729848976353e-01 7.5344669301360162e-02 22 0.0000000000000000e+00 1 1 4.2607850364311567e+01 -9.6805186267616392e+01 -1.2991021166441739e+00 2.6482967884166001e+01
1
9.9413985169995684e+01 -2.9999999999999996e+00 6.2831853071795862e+00 1 9.9413985169995689e-01 6 2 9.9413985169995684e+01 4.4408920985006262e-16 0.0000000000000000e+00 1.2033191173428865e+01
2
1.1067653650502125e+02 2.4056972576503375e+00 4.4142859373108118e-01 7 7.4453210058293651e-01 1 3 1.1035714843277026e+01 1.6060792619979397e-15 1.1102230246251565e-16 1.0025563322866233e+01
3
2.2814794379689195e+02 1.0591822387331036e+00 7.3876862922448633e-02 22 0.0000000000000000e+00 1 1 4.2607850364311567e+01 -9.9356238836307099e+01 -1.3005699230230858e+00 2.6469435467680370e+01
1
1.0061669782172396e+02 -2.9798114036676928e+00 2.2040654695408054e-02 1 3.3675639780055433e-01 1 2 6.1713833147142361e-01 4.4398134706609364e-16 6.5919492087118670e-17 1.2029872056085978e+01
2
1.1157253781727250e+02 2.8536260405479625e+00 4.8152573435797275e-01 8 3.5717128150652089e-01 1 3 1.2038143358949318e+01 7.8718306388529965e-16 5.5511151231257827e-17 1.0023006990579610e+01
3
2.3078360123475613e+02 1.2436762222065880e+00 6.3221704727605882e-02 22 0.0000000000000000e+00 1 1 4.2607850364311567e+01 -1.0190525986490370e+02 -1.3112250812179287e+00 2.6340767094537753e+01
1
1.0181867708840215e+02 -2.9404626766899775e+00 6.4999149171414028e-02 1 9.9311384519021151e-01 1 2 1.8199761767995963e+00 4.4315142619305051e-16 0.0000000000000000e+00 1.2026884850477380e+01
2
1.1245622891839328e+02 3.3259687748376279e+00 5.2161316092217525e-01 8 9.6966204248503685e-01 1 3 1.3040329023054383e+01 0.0000000000000000e+00 0.0000000000000000e+00 1.0020706291521648e+01
3
2.3341606768213441e+02 1.3982329034716194e+00 5.1023153839721141e-02 22 0.0000000000000000e+00 1 1 4.2607850364311567e+01 -1.0445699169492995e+02 -1.3234236321058130e+00 2.6419121987725603e+01
1
1.0301528092792732e+02 -2.8234366880643935e+00 1.0794750848553382e-01 2 6.4931643871299749e-01 1 2 3.0225302375949523e+00 0.0000000000000000e+00 0.0000000000000000e+00 1.2024196365429642e+01
2
1.1330857359959113e+02 3.8521682802710302e+00 5.6169184482995760e-01 9 5.8201922551298779e-01 1 3 1.4042296120748942e+01 -7.5171443670115668e-16 0.0000000000000000e+00 1.0018635662369483e+01
3
2.3605647481561562e+02 1.5449352970183339e+00 6.2964145221580475e-02 22 1.7496077699143627e-02 1 1 4.2643348948148116e+01 -1.0702314688559284e+02 -1.3126277563315840e+00 2.6487974103043740e+01
1
1.0420679740509981e+02 -2.6693099793946962e+00 1.5088674615395600e-01 3 3.0537966375559311e-01 1 2 4.2248288923107626e+00 1.3171306385823121e-15 1.9428902930940239e-16 1.2021776728886678e+01
2
1.1414757380020276e+02 4.3983677353458539e+00 6.0176266034696169e-01 10 1.9425618838542819e-01 1 3 1.5044066508674039e+01 1.4643203278911638e-15 1.1102230246251565e-16 1.0016772096132534e+01
3
2.3870568454478294e+02 1.6898747662348503e+00 4.0829508422096733e-02 22 3.0072224867231839e-01 1 1 4.3217999343961537e+01 -1.0965742276967559e+02 -1.3532995026734369e+00 2.6605973743017856e+01
1
1.0539259888439310e+02 -2.4735333628200773e+00 1.9381777434125003e-01 3 9.6131745716602479e-01 1 2 5.4268976815549941e+00 2.1788705499435114e-15 2.2204460492503131e-16 1.2019599055998011e+01
2
1.1496157032758934e+02 4.9816693979081199e+00 6.4182639431226518e-01 10 8.0638495311791858e-01 1 3 1.6045659857806637e+01 -2.1343026182442803e-15 0.0000000000000000e+00 1.0015094886519281e+01
3
2.4136510021760128e+02 1.7967114437422667e+00 3.9021580162960146e-02 22 5.6623587795465602e-01 1 1 4.3756711962349499e+01 -1.1227218698842688e+02 -1.3724852573321851e+00 2.6631673678106523e+01
1
1.0656376046804128e+02 -2.2052166901644688e+00 2.3674141399552887e-01 4 6.1714236210750939e-01 1 2 6.6287595918748066e+00 2.1585120156115901e-15 8.3266726846886741e-17 1.2017639150398210e+01
2
1.1574816906685385e+02 5.6004150037199398e+00 6.8188375488103881e-01 11 4.1841633952444496e-01 1 3 1.7047093872025968e+01 -2.0687101309385429e-15 0.0000000000000000e+00 1.0013585397867352e+01
3
2.4402610026493193e+02 1.8911641669601491e+00 2.9577222018292104e-02 22 8.2585354059784677e-01 1 1 4.4283461987198706e+01 -1.1485718802940283e+02 -1.3989215517623110e+00 2.6618813365072228e+01
1
1.0772536821994348e+02 -1.9007914785440263e+00 2.7965840397009417e-01 5 2.7286566742694035e-01 1 2 7.8304353111626384e+00 1.4939268687912562e-15 0.0000000000000000e+00 1.2015875235358390e+01
2
1.1651989605277592e+02 6.2379572755285846e+00 7.2193537939293473e-01 12 3.0360085437605232e-02 1 3 1.8048384484823366e+01 -1.3332058344683706e-15 1.1102230246251565e-16 1.0012226858080616e+01
3
2.4668465478678863e+02 1.9614109067805170e+00 2.1145112650963374e-02 23 0.0000000000000000e+00 1 1 4.4636795619754970e+01 -1.1743688653921322e+02 -1.4187515202443581e+00 2.6555039267097655e+01
1
1.0887493462183041e+02 -1.5520743229452023e+00 3.2256940923291727e-01 5 9.2849753308652339e-01 1 2 9.0319434585216900e+00 -4.2118488047773247e-16 0.0000000000000000e+00 1.2014287711822551e+01
2
1.1725047748478150e+02 6.9222214578630075e+00 7.6198184145364101e-01 12 6.4222495490673859e-01 1 3 1.9049546036341027e+01 -1.9277093390606071e-15 0.0000000000000000e+00 1.0011004172272555e+01
3
2.4933939411649038e+02 2.0122817953503160e+00 1.5851032300874660e-02 23 0.0000000000000000e+00 1 1 4.4636795619754970e+01 -1.2006227422255313e+02 -1.4240456005944466e+00 2.6547723710802202e+01
1
1.1000184715166301e+02 -1.1370898628862818e+00 3.6547502825517258e-01 6 5.8404710305224017e-01 1 2 1.0233300791144833e+01 -4.1475893598580940e-16 0.0000000000000000e+00 1.2012858940640296e+01
2
1.1796174531092880e+02 7.6256350951184109e+00 8.0202365730827685e-01 13 2.5401883557624566e-01 1 3 2.0050591432706920e+01 0.0000000000000000e+00 1.1102230246251565e-16 1.0009903755045300e+01
3
2.5199411849533050e+02 2.0487200472722482e+00 1.0181727707822857e-02 23 0.0000000000000000e+00 1 1 4.4636795619754970e+01 -1.2268953092004341e+02 -1.4297149051874989e+00 2.6553201088265951e+01
1
1.1111488669510287e+02 -6.8750227490343474e-01 4.0837579966091647e-01 7 2.3952260689347779e-01 1 2 1.1434522390505657e+01 9.1703348339293552e-16 1.1102230246251565e-16 1.2011573046576267e+01
2
1.1864585865493082e+02 8.3560554786755414e+00 8.4206129157744902e-01 13 8.6574882632608907e-01 1 3 2.1051532289436221e+01 1.1829230614394031e-15 2.2204460492503131e-16 1.0008913379540770e+01
3
2.5464908424640504e+02 2.0853890499412455e+00 1.9858906929224575e-02 23 0.0000000000000000e+00 1 1 4.4636795619754970e+01 -1.2531699680577883e+02 -1.4200377259660968e+00 2.6550762951560202e+01
1
1.1220872946375022e+02 -1.9188856430237253e-01 4.5127220821180014e-01 7 8.9493145122268669e-01 1 2 1.2635621829930404e+01 3.2470162925349593e-16 5.5511151231257827e-17 1.2010415741918640e+01
2
1.1929148132380422e+02 9.1201062271053299e+00 8.8209516241970376e-01 14 4.7742131614823713e-01 1 3 2.2052379060492598e+01 -1.1289368085575707e-15 0.0000000000000000e+00 1.0008022041586694e+01
3
2.5730230510433017e+02 2.1221980543254593e+00 3.8897295537339499e-03 23 0.0000000000000000e+00 1 1 4.4636795619754970e+01 -1.2794271445227685e+02 -1.4360069033415872e+00 2.6508798018244889e+01
1
1.1327329044142051e+02 3.6285434237309200e-01 4.9416469019330983e-01 8 5.5028030199107303e-01 1 2 1.3836611325412679e+01 -1.9059333474931680e-15 0.0000000000000000e+00 1.2009374167726776e+01
2
1.1991868228713062e+02 9.8993706099315872e+00 9.2212564617773340e-01 15 8.9042055135460346e-02 1 3 2.3053141154443338e+01 -2.1462924654066227e-15 0.0000000000000000e+00 1.0007219837428025e+01
3
2.5995269217531580e+02 2.1220432309842829e+00 -6.6397190733110453e-03 23 0.0000000000000000e+00 1 1 4.4636795619754970e+01 -1.3057044730295831e+02 -1.4465363519686321e+00 2.6495964740888368e+01
1
1.1431986806498996e+02 9.5019543879617951e-01 5.3705363826238295e-01 9 2.0557515855471348e-01 1 2 1.5037501871346727e+01 -3.1479544490187330e-15 0.0000000000000000e+00 1.2008436750954099e+01
2
1.2050145546615524e+02 1.0712629639395484e+01 9.6215308155996004e-01 15 7.0061621837124810e-01 1 3 2.4053827038999000e+01 -2.0312813540548223e-15 0.0000000000000000e+00 1.0006497853685222e+01
3
2.6260572626000607e+02 2.1107289860972536e+00 -3.1070895314317662e-04 23 0.0000000000000000e+00 1 1 4.4636795619754970e+01 -1.3320226111857701e+02 -1.4402073418484642e+00 2.6588388403524775e+01
1
1.1533940931365444e+02 1.5841869281536463e+00 5.7993940581026326e-01 9 8.6082142033408326e-01 1 2 1.6238303362687368e+01 -2.7860908761589027e-15 1.1102230246251565e-16 1.2007593075858688e+01
2
1.2105640373790628e+02 1.1544398245748873e+01 1.0021777734039639e+00 16 3.1214846343073988e-01 1 3 2.5054444335099092e+01 9.5651219023762230e-16 2.2204460492503131e-16 1.0005848068316700e+01
3
2.6526269793077859e+02 2.1124254304282224e+00 2.2214704491295748e-03 23 0.0000000000000000e+00 1 1 4.4636795619754970e+01 -1.3583628059796138e+02 -1.4376751624461921e+00 2.6538629403017978e+01
1
1.1632450858946108e+02 2.2695803109130508e+00 6.2282231088906947e-01 10 5.1602394680760744e-01 1 2 1.7439024704893942e+01 -1.0821148717510780e-15 1.1102230246251565e-16 1.2006833768272820e+01
2
1.2158467066491995e+02 1.2393920568109243e+01 1.0421999960635673e+00 16 9.2364298213157681e-01 1 3 2.6054999901589181e+01 -8.9585538598052213e-16 2.2204460492503131e-16 1.0005263261485030e+01
3
2.6791774718629910e+02 2.1103294344213617e+00 -5.8056123637760491e-03 23 0.0000000000000000e+00 1 1 4.4636795619754970e+01 -1.3846888912141921e+02 -1.4457022452590973e+00 2.6570464741733645e+01
1
1.1728778307062790e+02 2.9850907614203877e+00 6.6570263974570942e-01 11 1.7118711150587354e-01 1 2 1.8639673912879857e+01 6.9853724639352122e-16 2.2204460492503131e-16 1.2006150391445537e+01
2
1.2206329809081038e+02 1.3272038164303856e+01 1.0822199964572106e+00 17 5.3510354710961239e-01 1 3 2.7055499911430253e+01 8.3376729721629173e-16 4.4408920985006262e-16 1.0004736935336528e+01
3
2.7057893674835623e+02 2.0907383352325666e+00 -9.9513955731811796e-03 23 0.0000000000000000e+00 1 1 4.4636795619754970e+01 -1.4110986898944088e+02 -1.4498480284685025e+00 2.6682917711065087e+01
1
1.1821568163645468e+02 3.7465974344347561e+00 7.0858065000239945e-01 11 8.2631485060641086e-01 1 2 1.9840258200067190e+01 -2.0231450969473235e-15 0.0000000000000000e+00 1.2005535352300983e+01
2
1.2252075356474546e+02 1.4161137000893765e+01 1.1222379968114891e+00 18 1.4653355373713303e-01 1 3 2.8055949920287222e+01 0.0000000000000000e+00 2.2204460492503131e-16 1.0004263241802875e+01
3
2.7324262845827570e+02 2.0594676815917863e+00 -1.4722873604354996e-02 23 0.0000000000000000e+00 1 1 4.4636795619754970e+01 -1.4375485408687254e+02 -1.4546195064996761e+00 2.6565207149028240e+01
1
1.1910547675497871e+02 4.5514642089573023e+00 7.5145657351913508e-01 12 4.8141070666898600e-01 1 2 2.1040784058535781e+01 0.0000000000000000e+00 1.1102230246251565e-16 1.2004981817070885e+01
2
1.2293355405555411e+02 1.5072207098646926e+01 1.1622541971303402e+00 18 7.5793605784919171e-01 1 3 2.9056354928258497e+01 0.0000000000000000e+00 2.2204460492503131e-16 1.0003836917622587e+01
3
2.7590450690940929e+02 2.0217327725003118e+00 -1.3263845223655252e-02 23 0.0000000000000000e+00 1 1 4.4636795619754970e+01 -1.4639888519284810e+02 -1.4531604781189769e+00 2.6715218083741789e+01
1
1.1996993177883228e+02 5.3835229418760742e+00 7.9433061896991142e-01 13 1.3647786799739603e-01 1 2 2.2241257331157513e+01 1.8672062719245557e-15 3.3306690738754696e-16 1.2004483635363796e+01
2
1.2330981090747947e+02 1.5998370260788223e+01 1.2022687774173060e+00 19 3.6931380969733235e-01 1 3 3.0056719435432644e+01 0.0000000000000000e+00 2.2204460492503131e-16 1.0003453225860328e+01
3
2.7857474410154384e+02 1.9686945699945277e+00 -3.0856564838088657e-02 23 0.0000000000000000e+00 1 1 4.4636795619754970e+01 -1.4905320101025441e+02 -1.4707531977334103e+00 2.6695867773906755e+01
1
1.2079038725548268e+02 6.2595143389168184e+00 8.3720297416132428e-01 13 7.9151920406506071e-01 1 2 2.3441683276517072e+01 2.9733682106485399e-15 3.3306690738754696e-16 1.2004035271827416e+01
2
1.2366211362407225e+02 1.6934416124848990e+01 1.2422818996755751e+00 19 9.8066928450794710e-01 1 3 3.1057047491889374e+01 0.0000000000000000e+00 2.2204460492503131e-16 1.0003107903274294e+01
3
2.8123897179592780e+02 1.8968332368694683e+00 -2.0472597175075158e-02 23 0.0000000000000000e+00 1 1 4.4636795619754970e+01 -1.5170401565356184e+02 -1.4603692300703965e+00 2.6579097442314335e+01
1
1.2157056015033943e+02 7.1707759987596429e+00 8.8007380811931002e-01 14 4.4653729739805165e-01 1 2 2.4642066627340675e+01 1.6975601076190566e-15 2.2204460492503131e-16 1.2003631744644673e+01
2
1.2395439178666436e+02 1.7890802959921107e+01 1.2822937097080176e+00 20 5.9200470998478538e-01 1 3 3.2057342742700428e+01 0.0000000000000000e+00 4.4408920985006262e-16 1.0002797112946865e+01
3
2.8389873339901692e+02 1.8211184916799772e+00 -4.1756592834909401e-02 23 0.0000000000000000e+00 1 1 4.4636795619754970e+01 -1.5435090538480841e+02 -1.4816532257302306e+00 2.6658468175135638e+01
1
1.2232225676393432e+02 8.1059007081522125e+00 9.2294327296721146e-01 15 1.0153447226983840e-01 1 2 2.5842411643081920e+01 1.0719884770421212e-15 0.0000000000000000e+00 1.2003268570180206e+01
2
1.2422367703928970e+02 1.8853460303401661e+01 1.3223043387372158e+00 21 2.0332209106122576e-01 1 3 3.3057608468430381e+01 0.0000000000000000e+00 6.6613381477509392e-16 1.0002517401652179e+01
3
2.8656693121790443e+02 1.7038542963604539e+00 -4.7521301828393564e-02 23 0.0000000000000000e+00 1 1 4.4636795619754970e+01 -1.5701158245037206e+02 -1.4874179347237151e+00 2.6789935851769059e+01
1
1.2302128608467712e+02 9.0813949954932482e+00 9.6581150561603712e-01 15 7.5651282052654167e-01 1 2 2.7042722157249038e+01 0.0000000000000000e+00 0.0000000000000000e+00 1.2002941713162185e+01
2
1.2445076707069843e+02 1.9827396332016228e+01 1.3623139048634938e+00 21 8.1462323217731081e-01 1 3 3.4057847621587335e+01 0.0000000000000000e+00 6.6613381477509392e-16 1.0002265661486961e+01
3
2.8924374767869455e+02 1.5827967607057938e+00 -4.1314954150338368e-02 23 0.0000000000000000e+00 1 1 4.4636795619754970e+01 -1.5968129955443180e+02 -1.4812115870456601e+00 2.6804946225339549e+01
1
1.2367927603484613e+02 1.0084273595000795e+01 1.0086786292856944e+00 16 4.1147422482966872e-01 1 2 2.8243001619999447e+01 0.0000000000000000e+00 0.0000000000000000e+00 1.2002647541845967e+01
2
1.2463313249869098e+02 2.0810204270937046e+01 1.4023225143771441e+00 22 4.2590975732907727e-01 1 3 3.5058062859428595e+01 0.0000000000000000e+00 4.4408920985006262e-16 1.0002039095338265e+01
3
2.9192769025785265e+02 1.4753393420568017e+00 -3.7854498276869514e-02 23 0.0000000000000000e+00 1 1 4.4636795619754970e+01 -1.6235630664044251e+02 -1.4777511311721909e+00 2.6954266125257959e+01
1
1.2430608027866319e+02 1.1107329798839197e+01 1.0515447548741004e+00 17 6.6420379574576541e-02 1 2 2.9443253136474812e+01 0.0000000000000000e+00 0.0000000000000000e+00 1.2002382787661370e+01
2
1.2479208390644634e+02 2.1797382174355256e+01 1.4423302629394295e+00 23 3.7183128112956300e-02 1 3 3.6058256573485728e+01 0.0000000000000000e+00 4.4408920985006262e-16 1.0001835185804438e+01
3
2.9462627475187298e+02 1.3898099750143385e+00 -2.1414008110290816e-02 23 0.0000000000000000e+00 1 1 4.4636795619754970e+01 -1.6504296819262507e+02 -1.4613106410056123e+00 2.7075371155540395e+01
1
1.2487176209116005e+02 1.2165646032963345e+01 1.0944099821893800e+00 17 7.2135280971708404e-01 1 2 3.0643479501302640e+01 8.1458550742100180e-16 0.0000000000000000e+00 1.2002144508895233e+01
2
1.2489010063846814e+02 2.2792562755409161e+01 1.4823372366454863e+00 23 6.4844465996572953e-01 1 3 3.7058430916137148e+01 0.0000000000000000e+00 6.6613381477509392e-16 1.0001651667223994e+01
3
2.9733824561572931e+02 1.3388647205288533e+00 -1.4405354493661301e-02 23 0.0000000000000000e+00 1 1 4.4636795619754970e+01 -1.6773838745987058e+02 -1.4543019873889831e+00 2.7206502417393295e+01
1
1.2539697061334124e+02 1.3243896263751310e+01 1.1372744010588460e+00 18 3.7627288771743872e-01 1 2 3.1843683229647688e+01 -7.4619336533057156e-16 0.0000000000000000e+00 1.2001930058005710e+01
2
1.2496037378293607e+02 2.3789544288060114e+01 1.5223435129809375e+00 24 2.5969553678051754e-01 1 3 3.8058587824523428e+01 0.0000000000000000e+00 4.4408920985006262e-16 1.0001486500501596e+01
3
3.0005425030728514e+02 1.2992596438307142e+00 -1.4874362169620792e-02 23 0.0000000000000000e+00 1 1 4.4636795619754970e+01 -1.7043632585463476e+02 -1.4547709950649423e+00 2.7090321632909877e+01
1
1.2588875219674665e+02 1.4338335497143525e+01 1.1801380923270797e+00 19 3.1181848789851686e-02 1 2 3.3043866585158234e+01 0.0000000000000000e+00 0.0000000000000000e+00 1.2001737052205140e+01
2
1.2499309164583113e+02 2.4788971610630412e+01 1.5623491616828435e+00 24 8.7093682406111594e-01 1 3 3.9058729042071079e+01 0.0000000000000000e+00 4.4408920985006262e-16 1.0001337850451437e+01
3
3.0276545424757137e+02 1.2764917700757852e+00 2.3891347452518032e-03 23 0.0000000000000000e+00 1 1 4.4636795619754970e+01 -1.7312730687323415e+02 -1.4375074981500697e+00 2.7151626663768198e+01
1
1.2631143492983827e+02 1.5461376579388816e+01 1.2230011287542044e+00 19 6.8608080462712329e-01 1 2 3.4244031605117726e+01 -6.0542832062692272e-16 0.0000000000000000e+00 1.2001563346984627e+01
2
1.2500000000000000e+02 2.5788947967991550e+01 1.5707963267948970e+00 25 7.8125000000000000e-02 1 3 4.0051158169872416e+01 4.7136459303954356e-19 4.4408920985006262e-16 1.0001204065406293e+01
3
3.0547786394250517e+02 1.2868621931062243e+00 6.2157325677075466e-03 23 0.0000000000000000e+00 1 1 4.4636795619754970e+01 -1.7581515791538689e+02 -1.4336809003276141e+00 2.7078784122549791e+01
1
1.2669539898443581e+02 1.6597543467549770e+01 1.2658635758243308e+00 20 3.4097075575275509e-01 1 2 3.5444180123081267e+01 0.0000000000000000e+00 0.0000000000000000e+00 1.2001407012286164e+01
2
1.2500000000000000e+02 2.6781364386213596e+01 1.5707963267948970e+00 25 1.7773437500000000e-01 1 3 4.1047251919872416e+01 2.4619296347582371e-19 4.4408920985006262e-16 1.0001083658865664e+01
3
3.0818492412534522e+02 1.3206828608194852e+00 2.2956706969795997e-02 23 0.0000000000000000e+00 1 1 4.4636795619754970e+01 -1.7849464434011836e+02 -1.4169399259255258e+00 2.7063388661327920e+01
1
1.2704371722041623e+02 1.7745794807693951e+01 1.3087254924731591e+00 20 9.9585260263791864e-01 1 2 3.6644313789248450e+01 0.0000000000000000e+00 0.0000000000000000e+00 1.2001266311057547e+01
2
1.2500000000000000e+02 2.7777446697592239e+01 1.5707963267948970e+00 25 2.7734375000000000e-01 1 3 4.2043345669872416e+01 2.4549254992426211e-19 4.4408920985006262e-16 1.0000975292979097e+01
3
3.1088815030871939e+02 1.3751390128902614e+00 1.5447274517470742e-02 23 0.0000000000000000e+00 1 1 4.4636795619754970e+01 -1.8116763609458306e+02 -1.4244493583778510e+00 2.6995167958609457e+01
1
1.2731666774480365e+02 1.8914227037032539e+01 1.3515869317428186e+00 21 6.5072715570666162e-01 1 2 3.7844434088798920e+01 0.0000000000000000e+00 0.0000000000000000e+00 1.2001139679951793e+01
2
1.2500000000000000e+02 2.8773530152833015e+01 1.5707963267948970e+00 25 3.7695312500000000e-01 1 3 4.3039439419872416e+01 2.4486217772763917e-19 4.4408920985006262e-16 1.0000877763681189e+01
3
3.1358690368424487e+02 1.4136869099676714e+00 1.2341224559315437e-02 23 0.0000000000000000e+00 1 1 4.4636795619754970e+01 -1.8383826975063943e+02 -1.4275554083360058e+00 2.6982178199290743e+01
1
1.2755319830447927e+02 2.0089924551347657e+01 1.3944479413712265e+00 22 3.0559514434062451e-01 1 2 3.9044542358394338e+01 0.0000000000000000e+00 0.0000000000000000e+00 1.2001025711956613e+01
2
1.2500000000000000e+02 2.9769614637549715e+01 1.5707963267948970e+00 25 4.7656250000000000e-01 1 3 4.4035533169872416e+01 2.4429484275083076e-19 4.4408920985006262e-16 1.0000789987313070e+01
3
3.1628649234771416e+02 1.4470755573312164e+00 1.2411054643676559e-02 23 0.0000000000000000e+00 1 1 4.4636795619754970e+01 -1.8651040496585532e+02 -1.4274855782516447e+00 2.7024239862961693e+01
1
1.2774865385492811e+02 2.1273781361795614e+01 1.4373085643225076e+00 22 9.6045722498328134e-01 1 2 4.0244639801030218e+01 0.0000000000000000e+00 0.0000000000000000e+00 1.2000923140760952e+01
2
1.2500000000000000e+02 3.0765700048794741e+01 1.5707963267948970e+00 25 5.7617187500000000e-01 1 3 4.5031626919872416e+01 2.4378424127146390e-19 4.4408920985006262e-16 1.0000710988581762e+01
3
3.1899179806704205e+02 1.4793557102530912e+00 1.1133311017340481e-02 23 0.0000000000000000e+00 1 1 4.4636795619754970e+01 -1.8918835301428297e+02 -1.4287633218779812e+00 2.7106226123410323e+01
1
1.2787096265413312e+02 2.2467258303404190e+01 1.4801688392643753e+00 23 6.1531398843376783e-01 1 2 4.1444727499402511e+01 0.0000000000000000e+00 0.0000000000000000e+00 1.2000830826684856e+01
2
1.2500000000000000e+02 3.1761786293915268e+01 1.5707963267948970e+00 25 6.7578125000000000e-01 1 3 4.6027720669872416e+01 2.4332469994020775e-19 4.4408920985006262e-16 1.0000639889723585e+01
3
3.2169946554901878e+02 1.4975155172429360e+00 -6.7794213670266130e-04 23 0.0000000000000000e+00 1 1 4.4636795619754970e+01 -1.9187048569513991e+02 -1.4405745750320245e+00 2.7029440037551126e+01
1
1.2795624634070819e+02 2.3663463970769971e+01 1.5230288009977704e+00 24 2.7016596641130197e-01 1 2 4.2644806427937574e+01 0.0000000000000000e+00 0.0000000000000000e+00 1.2000747744016371e+01
2
1.2500000000000000e+02 3.2757873289523744e+01 1.5707963267948970e+00 25 7.7539062500000000e-01 1 3 4.7023814419872416e+01 2.4291111274218601e-19 4.4408920985006262e-16 1.0000575900751226e+01
3
3.2440063236428921e+02 1.5117650916121539e+00 1.5202942377126808e-02 23 0.0000000000000000e+00 1 1 4.4636795619754970e+01 -1.9454668371117006e+02 -1.4246936905181951e+00 2.6983760263229030e+01
1
1.2799550455636903e+02 2.4862678402734165e+01 1.5658884808435403e+00 24 9.2501363746317844e-01 1 2 4.3844877463619127e+01 0.0000000000000000e+00 0.0000000000000000e+00 1.2000672969614733e+01
2
1.2500000000000000e+02 3.3753960960571362e+01 1.5707963267948970e+00 25 8.7500000000000000e-01 1 3 4.8019908169872416e+01 2.4253888426337906e-19 4.4408920985006262e-16 1.0000518310676103e+01
3
3.2710181201694490e+02 1.5519476553684719e+00 1.4328545756689190e-02 23 0.0000000000000000e+00 1 1 4.4636795619754970e+01 -1.9721950952040228e+02 -1.4255680871386325e+00 2.7066495383683630e+01
1
1.2800000000000000e+02 2.6062644245475422e+01 1.5707963267948966e+00 25 1.0546875000000000e-01 1 2 4.5036984650257104e+01 4.8721014390528142e-19 0.0000000000000000e+00 1.2000605672653260e+01
2
1.2500000000000000e+02 3.4750049239514226e+01 1.5707963267948970e+00 25 9.7460937500000000e-01 1 3 4.9016001919872416e+01 2.4220387863288790e-19 4.4408920985006262e-16 1.0000466479608493e+01
3
3.2981211748230783e+02 1.5786559255695298e+00 2.4057711998136475e-03 23 1.1399790877587181e-01 1 1 4.4868091135896250e+01 -1.9995397214725790e+02 -1.4449520073774842e+00 2.7167897267218962e+01
1
1.2800000000000000e+02 2.7254745038902058e+01 1.5707963267948966e+00 25 2.2460937500000000e-01 1 2 4.6228390900257104e+01 5.2973866312023220e-19 0.0000000000000000e+00 1.2000545105387934e+01
2
1.2497559140399220e+02 3.5745605476556300e+01 1.6006418494174093e+00 1 4.5600599563524469e-01 2 3 7.4613806556280415e-01 -0.0000000000000000e+00 6.6613381477509392e-16 1.0000419831647644e+01
3
3.3252395073180128e+02 1.5872802870746237e+00 4.4731655496079246e-03 23 2.4925929801139737e-01 1 1 4.5142529089830354e+01 -2.0268843299240223e+02 -1.4517374502513709e+00 2.7036102317846556e+01
1
1.2800000000000000e+02 2.8446145535011855e+01 1.5707963267948966e+00 25 3.4375000000000000e-01 1 2 4.7419797150257104e+01 5.2938633895921972e-19 0.0000000000000000e+00 1.2000490594849140e+01
2
1.2493569980579477e+02 3.6744461129190505e+01 1.6406434447776701e+00 2 6.7185352417392583e-02 2 3 1.7461779495693306e+00 -0.0000000000000000e+00 4.4408920985006262e-16 1.0000377848482879e+01
3
3.3523372466888850e+02 1.5985790984889814e+00 3.6647542681388619e-03 23 3.8573322014560701e-01 1 1 4.5419427206636314e+01 -2.0540560366736699e+02 -1.4614780588491616e+00 2.7201097795891656e+01
1
1.2800000000000000e+02 2.9637546606510668e+01 1.5707963267948966e+00 25 4.6289062500000000e-01 1 2 4.8611203400257104e+01 5.2906924721406927e-19 0.0000000000000000e+00 1.2000441535364226e+01
2
1.2483769664153448e+02 3.7739503954449887e+01 1.6806448806019052e+00 2 6.7836227166861274e-01 2 3 2.7462138451752032e+00 -0.0000000000000000e+00 4.4408920985006262e-16 1.0000340063634590e+01
3
3.3795554514694885e+02 1.6096050754402811e+00 4.6942042078752981e-03 23 5.2265535994999246e-01 1 1 4.5697234732557583e+01 -2.0811875277512436e+02 -1.4694101420036594e+00 2.7247314967458479e+01
101
1 3
4 6
7 9
10 12
13 15
16 18
19 21
22 24
25 27
28 30
31 33
34 36
37 39
40 42
43 45
46 48
49 51
52 54
55 57
58 60
61 63
64 66
67 69
70 72
73 75
76 78
79 81
82 84
85 87
88 90
91 93
94 96
97 99
100 102
103 105
106 108
109 111
112 114
115 117
118 120
121 123
124 126
127 129
130 132
133 135
136 138
139 141
142 144
145 147
148 150
151 153
154 156
157 159
160 162
163 165
166 168
169 171
172 174
175 177
178 180
181 183
184 186
187 189
190 192
193 195
196 198
199 201
202 204
205 207
208 210
211 213
214 216
217 219
220 222
223 225
226 228
229 231
232 234
235 237
238 240
241 243
244 246
247 249
250 252
253 255
256 258
259 261
262 264
265 267
268 270
271 273
274 276
277 279
280 282
283 285
286 288
289 291
292 294
295 297
298 300
301 303
